0.500000 1.600478 
1.500000 1.593160 
2.500000 1.610964 
3.500000 1.625471 
4.500000 1.651288 
5.500000 1.659403 
6.500000 1.690247 
7.500000 1.722281 
8.500000 1.757921 
9.500000 1.800320 
10.500000 1.841939 
11.500000 1.886288 
12.500000 1.935892 
13.500000 1.991158 
14.500000 2.049789 
15.500000 2.112531 
16.500000 2.167491 
17.500000 2.232748 
18.500000 2.309928 
19.500000 2.377126 
20.500000 2.433264 
21.500000 2.504481 
22.500000 2.586744 
23.500000 2.660106 
24.500000 2.732884 
25.500000 2.813032 
26.500000 2.890854 
27.500000 2.980517 
28.500000 3.061423 
29.500000 3.150429 
30.500000 3.227311 
31.500000 3.324418 
32.500000 3.407670 
33.500000 3.499689 
34.500000 3.593693 
35.500000 3.681319 
36.500000 3.779053 
37.500000 3.874107 
38.500000 3.970114 
39.500000 4.066887 
40.500000 4.170195 
41.500000 4.253982 
42.500000 4.348005 
43.500000 4.465964 
44.500000 4.584137 
45.500000 4.665447 
46.500000 4.764430 
47.500000 4.913499 
48.500000 5.010580 
49.500000 5.102438 
50.500000 5.221094 
51.500000 5.344197 
52.500000 5.464449 
53.500000 5.570079 
54.500000 5.681289 
55.500000 5.766753 
56.500000 5.907956 
57.500000 6.052133 
58.500000 6.140757 
59.500000 6.223097 
60.500000 6.320518 
61.500000 6.469655 
62.500000 6.585954 
63.500000 6.711833 
64.500000 6.841452 
65.500000 6.944658 
66.500000 7.044716 
67.500000 7.165766 
68.500000 7.323692 
69.500000 7.408422 
70.500000 7.401113 
71.500000 7.692546 
72.500000 7.727524 
73.500000 7.786308 
74.500000 7.815123 
75.500000 7.955054 
76.500000 8.140349 
77.500000 8.224651 
78.500000 8.228360 
79.500000 8.393394 
80.500000 8.606544 
81.500000 8.522297 
82.500000 8.598857 
83.500000 8.588262 
84.500000 8.687518 
85.500000 8.823241 
86.500000 8.925105 
87.500000 8.955873 
88.500000 8.914933 
89.500000 8.932834 
